<path d="M0 0 C413.82 0 827.64 0 1254 0 C1254 413.82 1254 827.64 1254 1254 C840.18 1254 426.36 1254 0 1254 C0 840.18 0 426.36 0 0 Z " fill="currentColor" transform="translate(0,0)"/>
<path d="M0 0 C1.5262728 0.03932336 1.5262728 0.03932336 3.08337939 0.07944113 C4.17473086 0.07175131 5.26608234 0.06406148 6.39050508 0.05613863 C10.04921603 0.04130769 13.70421593 0.09081411 17.36258471 0.14000326 C19.98412516 0.1425418 22.60567201 0.14111719 25.22720873 0.13602072 C30.87185007 0.13130526 36.51555393 0.15950005 42.15995944 0.21016127 C50.32061463 0.28335928 58.4808173 0.30674946 66.64176519 0.31805319 C79.88262077 0.33774266 93.12297685 0.3976139 106.36356127 0.4827767 C119.22421296 0.56540969 132.0847289 0.62910452 144.94559252 0.66734701 C145.73855701 0.66971153 146.53152149 0.67207604 147.3485152 0.6745122 C151.32665349 0.68625768 155.30479274 0.69763102 159.28293264 0.70881933 C192.27680657 0.80209422 225.27006823 0.96058929 258.26346362 1.16173178 C257.65274991 4.80477452 257.03307014 8.44623965 256.41190112 12.08751303 C256.24101977 13.10752402 256.07013842 14.127535 255.89407885 15.17845541 C254.45264284 23.58683214 252.4297086 31.69470558 249.96072924 39.85362631 C249.19813766 42.37797533 248.45666351 44.90803777 247.71658862 47.43907553 C247.19146132 49.2218972 246.66543761 51.0044551 246.13846362 52.78673178 C245.89692553 53.6042391 245.65538744 54.42174643 245.40653002 55.2640267 C243.88852568 60.31624854 242.17724841 65.24678447 240.26346362 70.16173178 C239.9805144 70.90117026 239.69756518 71.64060873 239.40604174 72.40245444 C235.24761183 83.22290461 230.77005035 93.73467454 225.38797534 104.00255209 C224.1514268 106.37685414 222.94347838 108.76464903 221.73611987 111.15391928 C212.38874148 129.51034788 201.36666411 146.51589126 189.26346362 163.16173178 C188.52096362 164.19257895 188.52096362 164.19257895 187.76346362 165.24425131 C181.27009159 174.23816341 174.40128541 182.56202471 166.73660815 190.57750326 C165.10691971 192.33008004 163.5472802 194.13304784 161.98611987 195.94688803 C152.61365372 206.72080856 142.30877143 217.2608184 131.01346362 226.02501303 C128.92273836 227.64948279 126.90188088 229.30142374 124.88846362 231.01720053 C102.90616291 249.61183767 77.84701204 263.96345457 52.3288933 277.09532553 C50.51217984 278.0333166 48.70355013 278.98692963 46.89627612 279.94298178 C40.65510188 283.18773019 34.34924114 285.66634748 27.69705737 287.94688803 C24.51107221 289.0741251 21.42865792 290.32486618 18.32596362 291.66173178 C0.51549115 299.17442779 -18.46500797 303.88604781 -37.29903638 308.03673178 C-38.26841138 308.25200522 -39.23778638 308.46727865 -40.23653638 308.68907553 C-41.14532545 308.88372397 -42.05411451 309.0783724 -42.99044263 309.27891928 C-43.78780836 309.45020346 -44.58517408 309.62148764 -45.4067024 309.79796225 C-47.88562679 310.18501007 -50.23143654 310.18592278 -52.73653638 310.16173178 C-52.96538905 276.63196041 -53.14161391 243.10238324 -53.24718968 209.5720044 C-53.25969685 205.61411928 -53.27264007 201.6562357 -53.28585279 197.69835287 C-53.28847589 196.91040444 -53.291099 196.122456 -53.29380159 195.31063034 C-53.33732375 182.54952142 -53.41617367 169.78886265 -53.50806434 157.02802084 C-53.60155622 143.93569629 -53.65711896 130.84360759 -53.67742133 117.75096291 C-53.69114813 109.67076538 -53.73450905 101.59184009 -53.81570105 93.51203419 C-53.87477642 87.31789977 -53.88109482 81.1247366 -53.8676132 74.93035895 C-53.87036913 72.388184 -53.89032601 69.84596184 -53.92859113 67.30407339 C-53.97824477 63.83617199 -53.96643761 60.37374373 -53.93908155 56.90571982 C-53.98277417 55.39111986 -53.98277417 55.39111986 -54.02734947 53.84592193 C-53.96567537 50.96034183 -53.81480635 48.84270629 -52.73653638 46.16173178 C-49.68559116 43.49155883 -46.36535241 41.91085967 -42.73653638 40.16173178 C-31.01206102 32.21491064 -19.05453751 20.66587151 -12.61750388 7.95141375 C-9.28984208 1.91850284 -6.89338633 0.1316161 0 0 Z " fill="currentColor" transform="translate(744.7365363836288,667.8382682204247)"/>
<path d="M0 0 C88.11 0 176.22 0 267 0 C268.98 3.63 270.96 7.26 273 11 C274.91745111 13.52336566 276.76692108 15.85237061 278.875 18.1875 C279.40254883 18.78280518 279.93009766 19.37811035 280.47363281 19.99145508 C281.51343997 21.15702484 282.55876068 22.31770672 283.61035156 23.47265625 C284.75292337 24.72844143 285.87543037 26.0024536 286.9921875 27.28125 C293.38235294 34.21102941 302.97304597 41.99101532 312 45 C312 132.12 312 219.24 312 309 C297 307 297 307 292 305 C290.20588228 304.66839778 288.40220205 304.38602576 286.59375 304.14453125 C279.33736861 303.00433791 272.49020172 300.90632059 265.5 298.6875 C264.27152344 298.30916016 263.04304688 297.93082031 261.77734375 297.54101562 C254.8758045 295.37833816 248.19593884 292.94571871 241.55078125 290.09155273 C238.65243594 288.85126733 235.71415588 287.75972957 232.75 286.6875 C227.03731929 284.51124068 221.6393636 281.92656005 216.20825195 279.13989258 C212.8402133 277.41343907 209.47082892 275.73650673 206.01171875 274.19921875 C180.68589562 262.91846712 157.37178965 246.55886075 136 229 C135.4529541 228.55060059 134.9059082 228.10120117 134.34228516 227.63818359 C116.71181988 213.07613214 98.88963436 197.3960047 84.8125 179.3046875 C83.07210488 177.09168509 81.23317485 175.05672266 79.3125 173 C67.60952661 159.92431204 58.09030277 144.95271311 49 130 C48.52312744 129.22664307 48.04625488 128.45328613 47.55493164 127.65649414 C43.55498989 121.10582687 39.96020893 114.37970939 36.4375 107.5625 C35.88642578 106.50740234 35.33535156 105.45230469 34.76757812 104.36523438 C31.29244677 97.66643431 28.06724772 90.89401119 25 84 C24.26910156 82.41638672 24.26910156 82.41638672 23.5234375 80.80078125 C20.3909528 74.01373108 17.65032235 67.30398272 15.5625 60.125 C14.56150273 56.68701986 13.39045697 53.42403097 12 50.125 C10.12209765 45.55828292 8.90810998 40.98890341 7.78125 36.1875 C6.96008219 32.83713535 5.99114617 29.55382056 5 26.25 C2.59131974 17.9400531 0 8.70724735 0 0 Z " fill="currentColor" transform="translate(253,669)"/>
<path d="M0 0 C8.07138714 0.6726156 15.5355247 1.49457911 23.375 3.1875 C24.40665283 3.40744629 25.43830566 3.62739258 26.5012207 3.85400391 C46.92330073 8.30355093 68.29271407 13.4970786 87.1796875 22.64453125 C89.40058069 23.71191343 91.62314603 24.71959768 93.8828125 25.69921875 C119.67311115 36.88063997 144.59468313 49.89691225 167 67 C167.56976562 67.43376953 168.13953125 67.86753906 168.7265625 68.31445312 C172.86643035 71.48318457 176.94974081 74.71765123 181 78 C181.52916016 78.42861328 182.05832031 78.85722656 182.60351562 79.29882812 C197.24371583 91.24070998 211.67723676 104.28613184 223.98046875 118.64453125 C225.50853506 120.42678267 227.05634156 122.19213435 228.61328125 123.94921875 C250.56596978 148.86336509 267.59511953 177.1822226 282 207 C282.43699219 207.90363281 282.87398437 208.80726563 283.32421875 209.73828125 C289.8786298 223.73989688 295.34342949 238.26830419 300 253 C300.32355469 253.95648438 300.64710938 254.91296875 300.98046875 255.8984375 C303.48116723 263.51280921 305.34409061 271.2668375 307.1875 279.0625 C307.44974365 280.15087158 307.7119873 281.23924316 307.98217773 282.3605957 C308.35258179 283.96294067 308.35258179 283.96294067 308.73046875 285.59765625 C308.95114014 286.54133057 309.17181152 287.48500488 309.39916992 288.45727539 C309.95374774 291.72727895 310.27314387 294.91747614 310.53755188 298.22142029 C310.62494283 299.30320273 310.71233377 300.38498518 310.80237293 301.49954891 C310.86758986 302.32469777 310.9328068 303.14984663 311 304 C277.31778503 304.3665419 243.63606782 304.64831322 209.95230006 304.81704527 C205.97210303 304.83705562 201.99190992 304.85776487 198.01171875 304.87890625 C197.21936295 304.88310322 196.42700714 304.88730018 195.61064056 304.89162433 C182.79501335 304.96117164 169.98053912 305.08728018 157.16559502 305.23444474 C144.00774469 305.38428241 130.85049644 305.47298406 117.69182801 305.50541592 C109.57700123 305.52732907 101.46543324 305.59641671 93.35161033 305.72666347 C87.12048603 305.8215685 80.89182437 305.8312328 74.66007614 305.8097229 C72.1106222 305.81411459 69.56104175 305.84581361 67.01232529 305.9072876 C48.23836405 306.33778742 48.23836405 306.33778742 42.8142519 302.42210007 C39.10065281 298.69205498 36.47769209 294.50680808 34.0374608 289.87016106 C27.24066431 277.61803156 12.27965236 267.13982618 0 261 C0 174.87 0 88.74 0 0 Z " fill="currentColor" transform="translate(692,237)"/>
<path d="M0 0 C1.88283691 0.0148645 1.88283691 0.0148645 3.80371094 0.0300293 C4.05549745 33.0331762 4.24932062 66.03607399 4.36542956 99.03996227 C4.37918731 102.93647381 4.39342486 106.83298346 4.40795898 110.72949219 C4.4108444 111.50521586 4.41372981 112.28093952 4.41670267 113.08016997 C4.46456566 125.64019607 4.55129403 138.19966828 4.65239169 150.7593658 C4.75526496 163.64715647 4.81635848 176.53465709 4.83868438 189.42284149 C4.85377741 197.37571969 4.90143739 205.32703241 4.99079207 213.27942865 C5.05582443 219.37790558 5.06271761 225.47503657 5.04789543 231.57390022 C5.05092467 234.07535952 5.07284743 236.57687742 5.11497116 239.07798386 C5.41870738 258.04066177 5.41870738 258.04066177 1.37566566 263.02091789 C-1.46031539 264.85218986 -4.00505105 265.9742395 -7.19628906 267.0300293 C-10.64715157 269.56277242 -13.91562607 272.28151398 -17.19628906 275.0300293 C-17.88464844 275.58303711 -18.57300781 276.13604492 -19.28222656 276.70581055 C-24.02121444 280.62999221 -27.92466826 285.04718658 -31.82519531 289.7956543 C-32.21642043 290.26521388 -32.60764555 290.73477346 -33.01072598 291.21856213 C-34.34154503 293.07981611 -34.34154503 293.07981611 -35.06948185 295.70823383 C-36.61928953 299.53368403 -37.94816981 301.43130646 -41.19628906 304.0300293 C-49.26635615 306.28712703 -58.21288568 305.41469513 -66.50073242 305.27880859 C-69.13227203 305.27570545 -71.76382116 305.2774481 -74.39535522 305.28367615 C-80.05872324 305.28943643 -85.72069429 305.25501085 -91.38371086 305.19305992 C-99.57116497 305.10355119 -107.75794556 305.07500345 -115.9458359 305.06119201 C-129.23063072 305.03713381 -142.51468137 304.96397685 -155.79907227 304.85986328 C-168.70137821 304.75884955 -181.60348183 304.68100934 -194.50610352 304.63427734 C-195.30179227 304.63138739 -196.09748103 304.62849743 -196.91728156 304.62551989 C-200.90913287 304.61116418 -204.90098561 304.59726347 -208.89283931 304.58358896 C-241.99453093 304.46960728 -275.09531033 304.27591018 -308.19628906 304.0300293 C-308.24310987 299.37059557 -307.99785408 295.31275308 -306.91113281 290.77612305 C-306.49154297 289.01631104 -306.49154297 289.01631104 -306.06347656 287.22094727 C-305.75667969 285.98231934 -305.44988281 284.74369141 -305.13378906 283.4675293 C-304.89861572 282.50753021 -304.89861572 282.50753021 -304.65869141 281.52813721 C-301.70851675 269.5148437 -298.24087559 257.72148349 -294.19628906 246.0300293 C-293.91817383 245.21920898 -293.64005859 244.40838867 -293.35351562 243.57299805 C-289.02294761 231.06134531 -283.86065266 218.99251521 -278.19628906 207.0300293 C-277.80570312 206.2035791 -277.41511719 205.37712891 -277.01269531 204.52563477 C-262.42311581 173.91741449 -243.28086426 145.53615994 -220.42675781 120.47924805 C-218.97890011 118.88939379 -217.54318264 117.28836607 -216.12207031 115.67456055 C-211.61617919 110.56899445 -206.93693055 105.6667849 -202.13378906 100.8425293 C-201.28554565 99.98739746 -201.28554565 99.98739746 -200.42016602 99.11499023 C-153.72264977 52.58547484 -91.81099412 21.17445905 -28.19628906 5.4675293 C-26.92736816 5.15392456 -26.92736816 5.15392456 -25.6328125 4.83398438 C-23.15544153 4.22637605 -20.67648021 3.62601247 -18.19628906 3.0300293 C-17.49310547 2.86051758 -16.78992188 2.69100586 -16.06542969 2.51635742 C-5.31209826 -0.04193762 -5.31209826 -0.04193762 0 0 Z " fill="currentColor" transform="translate(561.1962890625,236.969970703125)"/>
<path d="M0 0 C46.6221596 4.23837815 90.82917541 14.86781885 134 33 C134.8760791 33.36706055 135.7521582 33.73412109 136.65478516 34.11230469 C168.90774427 47.76811887 199.28235208 66.3437531 226 89 C226.99902344 89.82628906 227.99804688 90.65257812 229.02734375 91.50390625 C245.0009645 104.76022603 260.62044972 119.09711349 274 135 C274.7940625 135.90492188 275.588125 136.80984375 276.40625 137.7421875 C284.23275528 146.71504983 291.18401544 156.24525545 298 166 C298.43666992 166.62068359 298.87333984 167.24136719 299.32324219 167.88085938 C333.57964707 216.83410411 356.41908537 274.38064028 364.66015625 333.58154297 C365.0389093 336.27689333 365.44045915 338.9683715 365.84375 341.66015625 C366.12563425 343.56501042 366.40689693 345.46995668 366.6875 347.375 C366.81922607 348.2616333 366.95095215 349.1482666 367.08666992 350.06176758 C367.26613159 351.31123169 367.26613159 351.31123169 367.44921875 352.5859375 C367.55580811 353.3186084 367.66239746 354.0512793 367.7722168 354.80615234 C368.01998435 357.19247519 368 359.60084901 368 362 C264.05 362 160.1 362 53 362 C51.68 358.37 50.36 354.74 49 351 C40.30013399 335.03472126 27.12270834 323.59509771 12 314 C11.19949219 313.46890625 10.39898438 312.9378125 9.57421875 312.390625 C6.40133498 310.55726593 6.40133498 310.55726593 0 309 C0 207.03 0 105.06 0 0 Z M26 31 C25.70238337 64.11345482 25.47334523 97.22656255 25.33615072 130.34104991 C25.31989171 134.25129457 25.3030655 138.16153661 25.28588867 142.07177734 C25.28247864 142.85022932 25.2790686 143.62868129 25.27555523 144.43072271 C25.21900155 157.0322213 25.11651148 169.6329482 24.99701365 182.23398912 C24.87540236 195.16584149 24.80322783 208.09729002 24.77684957 221.02969074 C24.75901879 229.00893746 24.70273322 236.98600318 24.59708593 244.96457833 C24.52017721 251.08492009 24.51209125 257.20360284 24.52960014 263.3243618 C24.52602252 265.83350235 24.50014416 268.34272513 24.45032883 270.85137367 C23.60950422 282.80186212 23.60950422 282.80186212 27.2580626 293.7413559 C30.72479261 296.87844235 34.69260163 298.2666373 39 300 C41.74920483 302.18771326 44.23945146 304.50194351 46.78125 306.921875 C48.98647367 309.05160235 48.98647367 309.05160235 51.51171875 310.94921875 C54.15236265 313.12557361 56.16728373 315.39960814 58.3125 318.0625 C59.42553643 319.43065014 60.54170548 320.79656364 61.68384552 322.14051342 C63 324 63 324 64.11101532 326.68850422 C65.87859085 330.23355004 67.59773636 332.94259327 71 335 C79.10490462 337.21528687 88.01146593 336.38582914 96.32617188 336.2487793 C98.94800688 336.24567563 101.56985146 336.24741983 104.19168091 336.25364685 C109.83102509 336.25940371 115.46896502 336.22501413 121.10795593 336.16303062 C129.26064507 336.07347521 137.41265803 336.0449694 145.56578571 336.03116272 C158.79456722 336.00711181 172.0226009 335.93397473 185.25097656 335.82983398 C198.09794381 335.72880131 210.94470765 335.65097039 223.79199219 335.60424805 C224.58443122 335.60135809 225.37687026 335.59846813 226.1933226 335.5954906 C230.1689192 335.58113476 234.14451724 335.56723407 238.12011623 335.55355966 C271.08062184 335.43960072 304.04021071 335.24592358 337 335 C336.85373315 333.0853753 336.70366477 331.17104077 336.55200195 329.25683594 C336.46884232 328.19076111 336.38568268 327.12468628 336.30000305 326.02630615 C335.927421 322.26785318 335.16994607 318.89796709 334.1875 315.25 C333.87167969 314.05890625 333.55585937 312.8678125 333.23046875 311.640625 C333.04476318 310.95436035 332.85905762 310.2680957 332.66772461 309.56103516 C331.9754284 306.90575647 331.33673773 304.23935276 330.6960144 301.57125854 C328.61430102 292.98829922 326.08846555 284.61242073 323.27319336 276.24316406 C322.55680511 274.10802686 321.8551465 271.96840633 321.15429688 269.828125 C318.89261354 263.00673818 316.49551168 256.41907089 313.07519531 250.07226562 C311.9410217 247.88632883 311.05206927 245.67949611 310.1875 243.375 C307.30369112 236.00526619 303.65378687 229.00976819 300 222 C299.39841064 220.84250244 299.39841064 220.84250244 298.78466797 219.66162109 C286.72187854 196.63691817 271.9723923 175.64541433 255 156 C254.38382813 155.28199219 253.76765625 154.56398438 253.1328125 153.82421875 C243.40350024 142.58197515 233.37391874 131.46562775 222.0625 121.7890625 C220.64444849 120.55901024 219.24952322 119.30194623 217.875 118.0234375 C210.04245071 110.74657583 201.56290234 104.38051668 193 98 C192.40171387 97.54979492 191.80342773 97.09958984 191.18701172 96.63574219 C165.65585282 77.4818436 135.9613461 61.9407238 106 51 C104.77667969 50.53722656 103.55335938 50.07445312 102.29296875 49.59765625 C87.8439122 44.18629942 73.28407655 39.59812594 58.25 36.125 C56.39640869 35.69622559 56.39640869 35.69622559 54.50537109 35.25878906 C40.38647624 32.03135125 40.38647624 32.03135125 26 31 Z " fill="currentColor" transform="translate(666,206)"/>
<path d="M0 0 C103.29 0 206.58 0 313 0 C314.98 4.455 314.98 4.455 317 9 C328.17159664 30.54030646 345.16414238 46.43655339 368 55 C368 157.3 368 259.6 368 365 C353.34244373 365 353.34244373 365 347.1640625 363.96875 C346.49008423 363.85762878 345.81610596 363.74650757 345.1217041 363.63201904 C342.95349062 363.26849925 340.7892321 362.88647642 338.625 362.5 C337.49115875 362.30126282 337.49115875 362.30126282 336.33441162 362.09851074 C260.34811121 348.69091624 189.41998958 314.08965851 132.37109375 262.15234375 C130.83336246 260.75647894 129.2844377 259.37280903 127.72265625 258.00390625 C122.22918707 253.1685565 116.99552651 248.10088031 111.8125 242.9375 C111.14718262 242.2767749 110.48186523 241.6160498 109.79638672 240.93530273 C105.32854462 236.45357845 101.11496424 231.80627326 97 227 C96.52699463 226.45400146 96.05398926 225.90800293 95.56665039 225.34545898 C89.04124222 217.8048024 82.84486 210.08515606 77 202 C76.55043945 201.3817334 76.10087891 200.7634668 75.63769531 200.12646484 C43.79771257 156.20367214 19.59131833 106.16071242 8 53 C7.69777737 51.62450656 7.39552981 50.2490186 7.09326172 48.87353516 C5.50206822 41.60892216 3.9399328 34.33803493 2.41796875 27.05859375 C2.16813232 25.86548584 1.9182959 24.67237793 1.66088867 23.44311523 C0.09004299 15.25928197 0 8.69277452 0 0 Z M30 26 C31.58704325 37.4856766 31.58704325 37.4856766 33.9375 48.75 C34.11152344 49.46897461 34.28554688 50.18794922 34.46484375 50.92871094 C35.79420399 56.34634265 37.30964658 61.68383849 39 67 C39.66722934 69.18732844 40.33386108 71.37483923 41 73.5625 C41.66418422 75.709103 42.33069207 77.85498904 43 80 C43.26941406 80.86367188 43.53882813 81.72734375 43.81640625 82.6171875 C45.21884989 86.9787138 46.91331048 90.91008853 49 95 C49.63783262 96.55730562 50.26148676 98.12045413 50.875 99.6875 C52.68303596 104.28725432 54.67830323 108.77705518 56.75390625 113.26171875 C57.65621792 115.24454157 58.52307181 117.24362611 59.36767578 119.25170898 C61.73292094 124.77951399 64.54569801 130.08581233 67.30541992 135.42382812 C68.30497977 137.36042989 69.29618095 139.30115818 70.28710938 141.2421875 C73.8181985 148.11238271 77.57000102 154.66222483 82 161 C82.92281688 162.4030733 83.8407712 163.80935649 84.75390625 165.21875 C95.09895581 181.03671176 106.46044605 195.8619687 119 210 C119.83402344 210.94617188 120.66804688 211.89234375 121.52734375 212.8671875 C132.65271689 225.24395084 144.26836724 237.74859197 157.42578125 247.984375 C159.83960802 249.87441235 162.15535351 251.85080254 164.46582031 253.86499023 C188.3843117 274.61263575 216.48931483 291.3834214 245 305 C245.98355469 305.47050781 246.96710938 305.94101562 247.98046875 306.42578125 C253.80668265 309.14131818 259.74029008 311.48338378 265.75390625 313.75 C268.82740545 314.9335376 271.84914743 316.20030493 274.875 317.5 C289.65077179 323.68880494 305.63062899 328.66011436 321.421875 331.53125 C326.2234102 332.4042564 330.99705838 333.43174547 335.77734375 334.4140625 C338.94601992 335.08944272 338.94601992 335.08944272 342 335 C342 247.88 342 160.76 342 71 C338.04 69.02 338.04 69.02 334 67 C318.38889979 56.38147122 305.46427826 42.92855651 297 26 C208.89 26 120.78 26 30 26 Z " fill="currentColor" transform="translate(223,643)"/>
<path d="M0 0 C103.29 0 206.58 0 313 0 C313 11.2547609 313 11.2547609 312.01171875 17.01171875 C311.69630127 18.88017456 311.69630127 18.88017456 311.37451172 20.78637695 C311.14779785 22.07374756 310.92108398 23.36111816 310.6875 24.6875 C310.45548635 26.03272634 310.22388038 27.37802305 309.99267578 28.72338867 C309.34250274 32.48479764 308.67400454 36.24278323 308 40 C307.76095947 41.33853027 307.76095947 41.33853027 307.51708984 42.70410156 C306.35417942 49.12424997 305.04359137 55.29618293 302.81640625 61.4296875 C301.44246568 65.75529944 300.50732442 70.19195265 299.53344727 74.62255859 C290.36951018 115.41134234 268.79685461 156.92110821 245 191 C244.10143747 192.31111224 243.20301025 193.62231721 242.3046875 194.93359375 C235.33715734 205.02800984 227.88136001 214.60598217 220 224 C219.50532227 224.59377441 219.01064453 225.18754883 218.50097656 225.79931641 C212.60990725 232.85718736 206.51171342 239.70635302 200.25 246.4375 C199.64816895 247.08783203 199.04633789 247.73816406 198.42626953 248.40820312 C194.76170203 252.30825692 190.93553443 255.89623607 186.875 259.38110352 C184.30668037 261.59862011 181.84776199 263.92688643 179.375 266.25 C173.42735255 271.75949037 167.14189415 276.75461247 160.70849609 281.68115234 C159.10062905 282.92232093 157.51246466 284.18889419 155.92578125 285.45703125 C140.67917413 297.5410899 123.94340623 307.50370528 107 317 C106.08863281 317.5151416 105.17726563 318.0302832 104.23828125 318.56103516 C85.05545764 329.37917937 85.05545764 329.37917937 75.12109375 332.8671875 C71.39204225 334.22066051 67.8061373 335.81645795 64.1875 337.4375 C43.54645662 346.54622115 22.06333066 352.71131879 0.03808594 357.54833984 C-2.05908822 358.01309454 -4.15032064 358.50024234 -6.2421875 358.98828125 C-21.59003716 362.47956758 -38.23907958 366 -54 366 C-54 263.37 -54 160.74 -54 55 C-47.73 51.7 -41.46 48.4 -35 45 C-31.05708053 42.0428104 -27.55081893 39.31869826 -24 36 C-23.37351562 35.45214844 -22.74703125 34.90429688 -22.1015625 34.33984375 C-11.89022333 24.93709479 -6.10996655 12.21993311 0 0 Z M11.68273926 31.74139404 C10.75508345 33.81295628 9.85980067 35.89936719 9 38 C-0.8787651 51.65538525 -12.83713659 63.4185683 -28 71 C-28 158.12 -28 245.24 -28 335 C-11.47910238 333.16434471 4.43224913 329.03550444 20.375 324.4375 C21.03808167 324.24808838 21.70116333 324.05867676 22.38433838 323.86352539 C29.15535685 321.92036763 35.72546051 319.89738732 42.10400391 316.89086914 C45.83570268 315.13746084 49.73422289 313.78619953 53.59375 312.34375 C57.79022868 310.68825841 61.89303955 308.86488705 66 307 C66.86657227 306.608125 67.73314453 306.21625 68.62597656 305.8125 C98.6875628 292.08942294 126.65964439 274.96527416 151.96240234 253.6887207 C153.45323224 252.45315032 154.9613329 251.23833729 156.47900391 250.03588867 C163.32260223 244.57980503 169.5577221 238.72291364 175.69921875 232.5065918 C177.25724128 230.93017322 178.82325807 229.36204482 180.390625 227.79492188 C185.79893314 222.36771011 191.05111497 216.85383852 196 211 C196.78503906 210.09636719 197.57007813 209.19273437 198.37890625 208.26171875 C223.80510343 178.28700687 245.43136979 143.54588124 260 107 C260.58201172 105.68708984 260.58201172 105.68708984 261.17578125 104.34765625 C268.41047442 87.92231051 273.44037648 70.53623036 277.50488281 53.08740234 C278.18207049 50.23239512 278.93841896 47.39936633 279.6875 44.5625 C280.72100312 40.44747266 281.45596829 36.34829763 282.08203125 32.15234375 C282.34270386 30.41778931 282.34270386 30.41778931 282.60864258 28.64819336 C282.73779053 27.77428955 282.86693848 26.90038574 283 26 C249.24954343 25.72528399 215.49936521 25.51386031 181.74803874 25.38721605 C177.76268806 25.37220771 173.77733958 25.35667583 169.79199219 25.34082031 C168.99858714 25.33767259 168.2051821 25.33452486 167.38773447 25.33128175 C154.54380839 25.27907692 141.70052735 25.18446951 128.85698384 25.07416645 C115.67652083 24.96191464 102.49639543 24.89528809 89.31547403 24.87093806 C81.18283602 24.85447823 73.05202114 24.8025159 64.91994447 24.7050024 C58.68216528 24.63401789 52.44577331 24.62654494 46.20764542 24.64270782 C43.65015056 24.63940509 41.09258703 24.6155139 38.53550339 24.5695343 C23.17190632 23.4813748 23.17190632 23.4813748 11.68273926 31.74139404 Z " fill="currentColor" transform="translate(720,643)"/>
<path d="M0 0 C0 101.31 0 202.62 0 307 C-7.92 310.96 -7.92 310.96 -16 315 C-34.46463737 326.65030691 -44.63488144 340.56540271 -55 360 C-158.62 360 -262.24 360 -369 360 C-366.66237953 335.45498506 -366.66237953 335.45498506 -364.8125 325.9375 C-364.48886475 324.250802 -364.48886475 324.250802 -364.15869141 322.5300293 C-348.819278 244.66172624 -311.96564517 171.73911214 -255 116 C-252.45199307 113.46041624 -249.91347015 110.91230607 -247.38671875 108.3515625 C-242.09991348 103.01120059 -236.7818227 97.80714555 -231 93 C-230.46842285 92.55462891 -229.9368457 92.10925781 -229.38916016 91.65039062 C-207.84429664 73.65073702 -184.80796594 58.14470923 -160 45 C-159.18257324 44.56333008 -158.36514648 44.12666016 -157.52294922 43.67675781 C-115.06290885 21.16215729 -68.38855347 7.88694535 -21 1 C-19.93265625 0.82766846 -19.93265625 0.82766846 -18.84375 0.65185547 C-12.44916276 -0.30566736 -6.68582869 0 0 0 Z M-41.2109375 31.42578125 C-41.86397858 31.57403854 -42.51701965 31.72229584 -43.18984985 31.87504578 C-44.5604433 32.18794288 -45.9301043 32.50495099 -47.29882812 32.82592773 C-49.36125813 33.30927945 -51.42629188 33.77975426 -53.4921875 34.24804688 C-60.74636495 35.90730512 -67.90841412 37.73548876 -75 40 C-76.02077637 40.31718994 -77.04155273 40.63437988 -78.09326172 40.96118164 C-144.69245226 61.8231743 -207.67697286 99.11042268 -253 153 C-253.78246094 153.89332031 -254.56492187 154.78664063 -255.37109375 155.70703125 C-296.6087847 203.05004268 -323.1098336 261.13013226 -337 322 C-337.19279541 322.79962158 -337.38559082 323.59924316 -337.58422852 324.4230957 C-338.10254039 327.63553363 -338.02528814 330.75068977 -338 334 C-304.10509532 334.25177833 -270.21042329 334.44560562 -236.31479114 334.56171862 C-232.31313071 334.5754764 -228.31147213 334.58971394 -224.30981445 334.60424805 C-223.51315648 334.60713346 -222.71649851 334.61001888 -221.89569939 334.61299173 C-208.99618842 334.66085662 -196.0972167 334.74758611 -183.19802564 334.84868076 C-169.96219024 334.95154861 -156.72663724 335.01264642 -143.49041849 335.03497344 C-135.3225921 335.05006753 -127.15628976 335.09773382 -118.98893256 335.18708114 C-112.72597802 335.25210492 -106.46418515 335.2590077 -100.20093918 335.24418449 C-97.63175506 335.24721411 -95.06251397 335.26914182 -92.49367332 335.31126022 C-79.50522666 336.16976909 -79.50522666 336.16976909 -67.9917469 331.59626198 C-66.15919754 328.75259933 -65.0743864 326.19169532 -64 323 C-62.54669094 320.90842724 -62.54669094 320.90842724 -61.19140625 319.328125 C-60.75916748 318.81290283 -60.32692871 318.29768066 -59.8815918 317.7668457 C-59.4462915 317.26628662 -59.01099121 316.76572754 -58.5625 316.25 C-58.0878833 315.69981201 -57.6132666 315.14962402 -57.12426758 314.58276367 C-49.75723309 306.17236686 -38.98719888 295.99565053 -28.33323383 291.99981213 C-25.85796762 290.27911539 -25.85796762 290.27911539 -25.5456804 288.02278864 C-25.36438212 285.25976381 -25.35851813 282.53748852 -25.39872742 279.76863098 C-25.39445529 278.70434409 -25.39018317 277.6400572 -25.38578159 276.5435192 C-25.37751283 272.95933686 -25.40510227 269.37631175 -25.43237305 265.79223633 C-25.43378267 263.23025032 -25.43299322 260.66826229 -25.43016052 258.10627747 C-25.42902009 252.58132385 -25.443247 247.05674622 -25.47134972 241.53186989 C-25.51195486 233.54387758 -25.52500383 225.5560281 -25.53128967 217.56794377 C-25.54223759 204.60844741 -25.57552516 191.64910825 -25.62280273 178.68969727 C-25.66868553 166.09953601 -25.70408367 153.50941742 -25.7253418 140.91918945 C-25.72665541 140.14335877 -25.72796903 139.36752809 -25.72932246 138.56818739 C-25.73584756 134.67614104 -25.74216612 130.78409438 -25.74838197 126.89204752 C-25.80023045 94.59458409 -25.88830913 62.29731385 -26 30 C-31.35627595 29.94724214 -35.94880214 30.21666264 -41.2109375 31.42578125 Z " fill="currentColor" transform="translate(591,207)"/>
<path d="M0 0 C1.80220458 1.36115873 3.59457944 2.73546876 5.375 4.125 C6.09816406 4.68058594 6.82132813 5.23617187 7.56640625 5.80859375 C16.02890825 12.71439284 22.24834359 22.06535715 26.375 32.125 C26.96474609 33.55779297 26.96474609 33.55779297 27.56640625 35.01953125 C33.62463794 52.47652639 31.80742244 71.46915693 24.375 88.125 C23.93027344 89.15753906 23.48554687 90.19007813 23.02734375 91.25390625 C14.19872448 109.34871485 -3.46577772 120.95974011 -22 127.34375 C-25.93286653 128.51424599 -29.53054993 128.97378451 -33.625 129.125 C-34.24761719 129.16141602 -34.87023437 129.19783203 -35.51171875 129.23535156 C-55.63551004 130.3419741 -73.45281354 124.29251053 -88.80078125 110.890625 C-100.88089047 99.06114045 -110.41453726 82.32635288 -110.79296875 65.1484375 C-110.97051809 44.2161099 -108.19149238 27.12018886 -93.625 11.125 C-92.94824219 10.36832031 -92.27148438 9.61164062 -91.57421875 8.83203125 C-68.17353721 -15.98183532 -27.63677163 -19.51941384 0 0 Z " fill="currentColor" transform="translate(667.625,549.875)"/>
<path d="M0 0 C8.57598395 7.83928049 12.34676261 17.89998117 13.17578125 29.25 C13.58898528 42.1915503 8.9427588 51.04936842 1.7734375 61.49609375 C-7.37527175 70.644803 -18.75247714 75.64381666 -31.6015625 75.74609375 C-44.38048801 75.54631389 -54.65046485 71.42523653 -64.2265625 62.80859375 C-70.99111126 55.65985155 -76.04621531 45.128755 -77.0390625 35.30859375 C-77.12027344 34.54546875 -77.20148437 33.78234375 -77.28515625 32.99609375 C-77.89448674 21.47420818 -73.51107461 10.91540848 -66.0390625 2.30859375 C-46.71845915 -17.75375123 -20.76698934 -17.22625744 0 0 Z " fill="currentColor" transform="translate(659.0390625,576.69140625)"/>
<path d="M0 0 C0.33 0 0.66 0 1 0 C1.33 4.29 1.66 8.58 2 13 C-101.95 13 -205.9 13 -313 13 C-312.67 12.34 -312.34 11.68 -312 11 C-209.7 11 -107.4 11 -2 11 C-2 10.34 -2 9.68 -2 9 C-1.34 9 -0.68 9 0 9 C0 6.03 0 3.06 0 0 Z " fill="currentColor" transform="translate(1032,555)"/>
<path d="M0 0 C0.33 0 0.66 0 1 0 C1 101.64 1 203.28 1 308 C0.01 307.34 -0.98 306.68 -2 306 C-2.37489682 303.80464745 -2.37489682 303.80464745 -2.37473011 301.0118103 C-2.38193665 299.95010935 -2.3891432 298.88840839 -2.39656812 297.79453468 C-2.38550669 296.03104714 -2.38550669 296.03104714 -2.3742218 294.23193359 C-2.37819621 292.99023596 -2.38217061 291.74853832 -2.38626546 290.46921349 C-2.39425262 287.01133784 -2.38869655 283.553954 -2.37751496 280.09611797 C-2.36870107 276.37146035 -2.37710828 272.64683738 -2.38337708 268.92218018 C-2.39288361 261.62115908 -2.38624907 254.32023654 -2.37411413 247.01922274 C-2.36051883 238.52433218 -2.3621298 230.02946531 -2.36424746 221.53456664 C-2.36744006 206.38174809 -2.35575415 191.2289765 -2.33618164 176.07617188 C-2.31717633 161.35870941 -2.31009376 146.64130198 -2.31567383 131.92382812 C-2.32172609 115.9134949 -2.32156471 99.9031859 -2.310188 83.89285469 C-2.30898065 82.1869723 -2.30777467 80.48108991 -2.30657005 78.77520752 C-2.30596651 77.9357894 -2.30536298 77.09637128 -2.30474115 76.23151624 C-2.30085518 70.30430476 -2.30125824 64.37710228 -2.3031559 58.44989014 C-2.30527392 51.23069272 -2.30008371 44.01154361 -2.28554235 36.79235983 C-2.27827851 33.10609162 -2.27423817 29.4198939 -2.27878571 25.73361969 C-2.28358662 21.74505421 -2.27298474 17.75661795 -2.26069641 13.76806641 C-2.26447573 12.59240805 -2.26825506 11.41674969 -2.27214891 10.20546532 C-2.26631671 9.14376436 -2.26048452 8.08206341 -2.25447559 6.9881897 C-2.25360882 6.06655344 -2.25274204 5.14491718 -2.251849 4.19535255 C-2 2 -2 2 0 0 Z " fill="currentColor" transform="translate(665,206)"/>
<path d="M0 0 C1.65 0 3.3 0 5 0 C3.68 0.33 2.36 0.66 1 1 C1 102.31 1 203.62 1 308 C2.65 307.67 4.3 307.34 6 307 C5.67 307.99 5.34 308.98 5 310 C3.35 309.67 1.7 309.34 0 309 C0 207.03 0 105.06 0 0 Z " fill="currentColor" transform="translate(666,206)"/>
<path d="M0 0 C0.33 0 0.66 0 1 0 C1.33 3.96 1.66 7.92 2 12 C-85.78 12 -173.56 12 -264 12 C-264 11.67 -264 11.34 -264 11 C-177.54 10.67 -91.08 10.34 -2 10 C-1.34 6.7 -0.68 3.4 0 0 Z " fill="currentColor" transform="translate(1001,529)"/>
<path d="M0 0 C0.8069057 0.00151888 1.6138114 0.00303776 2.44516879 0.00460267 C3.37772516 -0.00336152 4.31028153 -0.01132572 5.27109718 -0.01953125 C6.29735091 -0.00787988 7.32360463 0.00377148 8.38095695 0.01577592 C9.46974515 0.01235822 10.55853335 0.00894052 11.68031514 0.00541925 C15.34725685 -0.00119604 19.0134748 0.02087752 22.68034965 0.04269242 C25.30144831 0.04382011 27.92254823 0.04318859 30.54364616 0.0409224 C36.19621117 0.03882312 41.84859176 0.05139256 47.50111037 0.07387376 C55.67371088 0.10635671 63.84622204 0.11679696 72.01888011 0.12182572 C85.27783199 0.13058422 98.53668554 0.15721477 111.79558402 0.19503617 C124.67676391 0.23174195 137.5579171 0.26006071 150.43913871 0.27706742 C151.23289136 0.27811832 152.02664402 0.27916921 152.84444978 0.28025195 C156.82640066 0.28547203 160.80835173 0.29052688 164.79030293 0.29549956 C197.83420846 0.33697885 230.87799345 0.4074423 263.92180473 0.49679399 C263.59180473 1.15679399 263.26180473 1.81679399 262.92180473 2.49679399 C262.36644387 2.49565482 261.81108301 2.49451566 261.23889303 2.49334198 C228.34629521 2.42625284 195.4537145 2.37475715 162.56106363 2.343598 C158.61433463 2.33984574 154.66760578 2.33596278 150.72087699 2.33199906 C149.93513224 2.33121213 149.14938748 2.3304252 148.33983228 2.32961442 C135.60601361 2.31654948 122.87223543 2.29288967 110.13844081 2.2653356 C97.07887554 2.23731164 84.01933153 2.22062411 70.95973742 2.2145285 C62.89692611 2.21040579 54.83422927 2.19737021 46.77145318 2.17304458 C40.59584927 2.15535822 34.42033319 2.15342073 28.24470741 2.15747094 C25.70618258 2.15664248 23.16765361 2.15063384 20.6291545 2.13917756 C17.17496232 2.1243474 13.72126801 2.12780586 10.26706535 2.13603044 C9.25248447 2.12729191 8.23790359 2.11855339 7.19257784 2.10955006 C6.27047166 2.1155232 5.34836547 2.12149635 4.39831668 2.1276505 C3.20162806 2.12594176 3.20162806 2.12594176 1.98076391 2.1241985 C-0.56602452 2.58507304 -1.45645217 3.53386715 -3.07819527 5.49679399 C-3.73819527 5.16679399 -4.39819527 4.83679399 -5.07819527 4.49679399 C-2.69702965 0.64472676 -2.69702965 0.64472676 0 0 Z " fill="currentColor" transform="translate(739.0781952738762,668.5032060146332)"/>
<path d="M0 0 C0.33 0 0.66 0 1 0 C1.495 5.94 1.495 5.94 2 12 C-14.83 12 -31.66 12 -49 12 C-49 11.67 -49 11.34 -49 11 C-33.49 10.67 -17.98 10.34 -2 10 C-1.34 6.7 -0.68 3.4 0 0 Z " fill="currentColor" transform="translate(1001,529)"/>
<path d="M0 0 C0.33 0 0.66 0 1 0 C1 3.96 1 7.92 1 12 C-14.84 12 -30.68 12 -47 12 C-47 11.67 -47 11.34 -47 11 C-32.15 11 -17.3 11 -2 11 C-2 10.34 -2 9.68 -2 9 C-1.34 9 -0.68 9 0 9 C0 6.03 0 3.06 0 0 Z " fill="currentColor" transform="translate(1032,555)"/>
<path d="M0 0 C0.66 0.33 1.32 0.66 2 1 C0.07604029 3.63653738 -1.48593351 5.69433885 -4.3125 7.375 C-11.03097941 11.43733639 -14.94665814 17.09996452 -18.54296875 23.9609375 C-20 26 -20 26 -22.17578125 26.7890625 C-22.77777344 26.85867188 -23.37976563 26.92828125 -24 27 C-17.51871366 16.47744101 -9.40722709 7.9616721 0 0 Z " fill="currentColor" transform="translate(567,526)"/>
<path d="M0 0 C0.33 0 0.66 0 1 0 C1 13.2 1 26.4 1 40 C3.475 39.505 3.475 39.505 6 39 C5.67 39.99 5.34 40.98 5 42 C3.35 41.67 1.7 41.34 0 41 C0 27.47 0 13.94 0 0 Z " fill="currentColor" transform="translate(666,474)"/>
<path d="M0 0 C0.66 0.66 1.32 1.32 2 2 C-0.97 4.97 -3.94 7.94 -7 11 C-7.66 10.67 -8.32 10.34 -9 10 C-9 9.34 -9 8.68 -9 8 C-7.28515625 6.30859375 -7.28515625 6.30859375 -5.0625 4.4375 C-3.96615234 3.50744141 -3.96615234 3.50744141 -2.84765625 2.55859375 C-2.23792969 2.04425781 -1.62820313 1.52992188 -1 1 C-0.67 0.67 -0.34 0.34 0 0 Z " fill="currentColor" transform="translate(720,689)"/>
<path d="M0 0 C2 2 2 2 2 5 C1.01 5.495 1.01 5.495 0 6 C0 7.98 0 9.96 0 12 C-0.99 12.33 -1.98 12.66 -3 13 C-2.52060632 8.28596212 -2.03165952 4.33420699 0 0 Z " fill="currentColor" transform="translate(561,581)"/>
<path d="M0 0 C0.33 0.66 0.66 1.32 1 2 C-0.98 4.97 -2.96 7.94 -5 11 C-5.99 10.67 -6.98 10.34 -8 10 C-6.85500893 8.52018126 -5.708983 7.04116318 -4.5625 5.5625 C-3.60537109 4.32693359 -3.60537109 4.32693359 -2.62890625 3.06640625 C-1 1 -1 1 0 0 Z " fill="currentColor" transform="translate(551,542)"/>
<path d="M0 0 C0.33 0.99 0.66 1.98 1 3 C0.01 3.33 -0.98 3.66 -2 4 C-2.28875 4.598125 -2.5775 5.19625 -2.875 5.8125 C-4.35537318 8.69100341 -6.42278571 10.10099999 -9 12 C-9.66 11.67 -10.32 11.34 -11 11 C-7.37 7.37 -3.74 3.74 0 0 Z " fill="currentColor" transform="translate(332,327)"/>
<path d="M0 0 C0.33 0 0.66 0 1 0 C1.33 3.96 1.66 7.92 2 12 C0.35 12 -1.3 12 -3 12 C-2.690625 11.319375 -2.38125 10.63875 -2.0625 9.9375 C-0.86629351 6.63034088 -0.40994603 3.48454122 0 0 Z " fill="currentColor" transform="translate(1001,529)"/>
<path d="M0 0 C0.66 0.99 1.32 1.98 2 3 C0.68 5.31 -0.64 7.62 -2 10 C-2.66 10 -3.32 10 -4 10 C-2.8905928 6.51329166 -1.73662334 3.22515763 0 0 Z " fill="currentColor" transform="translate(973,764)"/>
<path d="M0 0 C0.66 0.33 1.32 0.66 2 1 C0.25 5.875 0.25 5.875 -2 7 C-3.67654729 6.72057545 -5.34608154 6.39171753 -7 6 C-6.01 5.34 -5.02 4.68 -4 4 C-2.64748503 2.68612831 -1.31054623 1.35573748 0 0 Z " fill="currentColor" transform="translate(521,533)"/>
<path d="M0 0 C0.66 0.33 1.32 0.66 2 1 C0.71937515 2.7074998 -0.61767557 4.37373596 -2 6 C-2.66 6 -3.32 6 -4 6 C-4.66 7.32 -5.32 8.64 -6 10 C-6.66 9.34 -7.32 8.68 -8 8 C-5.36 5.36 -2.72 2.72 0 0 Z " fill="currentColor" transform="translate(352,307)"/>
<path d="M0 0 C0.33 0 0.66 0 1 0 C1 3.96 1 7.92 1 12 C-0.98 12 -2.96 12 -5 12 C-4.01 11.67 -3.02 11.34 -2 11 C-2 10.34 -2 9.68 -2 9 C-1.34 9 -0.68 9 0 9 C0 6.03 0 3.06 0 0 Z " fill="currentColor" transform="translate(1032,555)"/>
<path d="M0 0 C0.33 0.66 0.66 1.32 1 2 C-3 8.57142857 -3 8.57142857 -7 10 C-4.75421558 6.59260295 -2.48862878 3.23521742 0 0 Z " fill="currentColor" transform="translate(332,367)"/>
<path d="M0 0 C0.66 0.33 1.32 0.66 2 1 C0.60667426 4.36720387 -0.9789286 5.9859524 -4 8 C-4 4.09161134 -2.49432124 2.88405893 0 0 Z " fill="currentColor" transform="translate(338,320)"/>
<path d="M0 0 C0.33 0 0.66 0 1 0 C1.25 3.25 1.25 3.25 1 7 C-0.32 8.32 -1.64 9.64 -3 11 C-2.01 7.37 -1.02 3.74 0 0 Z " fill="currentColor" transform="translate(264,492)"/>
<path d="M0 0 C0.66 0.33 1.32 0.66 2 1 C-0.64 2.65 -3.28 4.3 -6 6 C-6.66 5.34 -7.32 4.68 -8 4 C-6.71349294 3.30289269 -5.42059335 2.61757124 -4.125 1.9375 C-3.40570312 1.55464844 -2.68640625 1.17179688 -1.9453125 0.77734375 C-1.30335938 0.52082031 -0.66140625 0.26429688 0 0 Z " fill="currentColor" transform="translate(822,962)"/>
<path d="M0 0 C0.33 0 0.66 0 1 0 C1 2.31 1 4.62 1 7 C2.65 6.67 4.3 6.34 6 6 C5.67 6.99 5.34 7.98 5 9 C3.35 8.67 1.7 8.34 0 8 C0 5.36 0 2.72 0 0 Z " fill="currentColor" transform="translate(666,507)"/>
<path d="M0 0 C2.5 2.3125 2.5 2.3125 5 5 C5 5.99 5 6.98 5 8 C2.5 5.6875 2.5 5.6875 0 3 C0 2.01 0 1.02 0 0 Z " fill="currentColor" transform="translate(931,332)"/>